1579517248 2
1579517310 3
1579517378 4
1579517618 3
1579524667 3
1579537416 1
1580221958 1.9
1580222646 1.9
1580222962 1.9
1580223913 1.9
1580224129 4
1580224190 2
1580225840 3
1580226179 0
1580307794 0
1580307872 1
1580307947 1
1580308028 1
1580308260 5
1580308368 5
1580313548 1
1580826459 2
1580826529 4
1580826590 1
1580826660 4
1580826721 0
1580826791 4
1580826852 1
1580828127 2
1580981778 1
1580981852 1
1580981956 1
1580982222 1
1580982306 1
1580982632 1
1580982750 1
1580983198 1
1580985374 1
1590569750 1
